(kicad_pcb (version 20171130) (host pcbnew "(5.1.12)-1")

  (general
    (thickness 1.6)
    (drawings 52)
    (tracks 215)
    (zones 0)
    (modules 50)
    (nets 45)
  )

  (page A4)
  (layers
    (0 F.Cu signal)
    (31 B.Cu signal)
    (32 B.Adhes user)
    (33 F.Adhes user)
    (34 B.Paste user)
    (35 F.Paste user)
    (36 B.SilkS user)
    (37 F.SilkS user)
    (38 B.Mask user)
    (39 F.Mask user)
    (40 Dwgs.User user)
    (41 Cmts.User user)
    (42 Eco1.User user)
    (43 Eco2.User user)
    (44 Edge.Cuts user)
    (45 Margin user)
    (46 B.CrtYd user hide)
    (47 F.CrtYd user hide)
    (48 B.Fab user hide)
    (49 F.Fab user hide)
  )

  (setup
    (last_trace_width 1)
    (user_trace_width 0.2)
    (user_trace_width 0.2)
    (user_trace_width 0.25)
    (user_trace_width 0.3)
    (user_trace_width 0.4)
    (user_trace_width 0.5)
    (user_trace_width 0.6)
    (user_trace_width 1)
    (user_trace_width 2)
    (trace_clearance 0.2)
    (zone_clearance 0.2)
    (zone_45_only no)
    (trace_min 0.2)
    (via_size 0.6)
    (via_drill 0.3)
    (via_min_size 0.5)
    (via_min_drill 0.2)
    (user_via 0.5 0.25)
    (uvia_size 0.3)
    (uvia_drill 0.1)
    (uvias_allowed no)
    (uvia_min_size 0.2)
    (uvia_min_drill 0.1)
    (edge_width 0.1)
    (segment_width 0.15)
    (pcb_text_width 0.3)
    (pcb_text_size 1.5 1.5)
    (mod_edge_width 0.15)
    (mod_text_size 0.6 0.6)
    (mod_text_width 0.09)
    (pad_size 1.5 1.5)
    (pad_drill 0.900001)
    (pad_to_mask_clearance 0.1)
    (aux_axis_origin 0 0)
    (visible_elements 7FFFFE3F)
    (pcbplotparams
      (layerselection 0x010f8_80000007)
      (usegerberextensions false)
      (usegerberattributes false)
      (usegerberadvancedattributes false)
      (creategerberjobfile false)
      (excludeedgelayer false)
      (linewidth 0.100000)
      (plotframeref false)
      (viasonmask false)
      (mode 1)
      (useauxorigin false)
      (hpglpennumber 1)
      (hpglpenspeed 20)
      (hpglpendiameter 15.000000)
      (psnegative false)
      (psa4output false)
      (plotreference true)
      (plotvalue false)
      (plotinvisibletext false)
      (padsonsilk true)
      (subtractmaskfromsilk false)
      (outputformat 1)
      (mirror false)
      (drillshape 0)
      (scaleselection 1)
      (outputdirectory "prod"))
  )

  (net 0 "")
  (net 1 GND)
  (net 2 /ID_SD_EEPROM)
  (net 3 /ID_SC_EEPROM)
  (net 4 "Net-(Q1-Pad1)")
  (net 5 "Net-(Q2-Pad1)")
  (net 6 /P3V3_HAT)
  (net 7 /P5V_HAT)
  (net 8 /9V)
  (net 9 "Net-(C2-Pad2)")
  (net 10 "Net-(C2-Pad1)")
  (net 11 "Net-(C3-Pad1)")
  (net 12 /Triangle_wave)
  (net 13 "Net-(D2-Pad1)")
  (net 14 "Net-(D3-Pad1)")
  (net 15 "Net-(D4-Pad1)")
  (net 16 "Net-(D5-Pad1)")
  (net 17 "Net-(D6-Pad1)")
  (net 18 "Net-(D7-Pad1)")
  (net 19 "Net-(D8-Pad1)")
  (net 20 "Net-(D9-Pad1)")
  (net 21 "Net-(D10-Pad1)")
  (net 22 "Net-(D11-Pad1)")
  (net 23 "Net-(D12-Pad1)")
  (net 24 "Net-(J1-Pad2)")
  (net 25 /Amplifier/R_channel)
  (net 26 /Amplifier/L_channel)
  (net 27 "Net-(L1-Pad1)")
  (net 28 "Net-(R4-Pad2)")
  (net 29 "Net-(R6-Pad3)")
  (net 30 "Net-(R12-Pad2)")
  (net 31 "Net-(R10-Pad2)")
  (net 32 "Net-(R10-Pad1)")
  (net 33 "Net-(R12-Pad1)")
  (net 34 "Net-(R13-Pad2)")
  (net 35 "Net-(R14-Pad2)")
  (net 36 "Net-(R15-Pad2)")
  (net 37 /High_power)
  (net 38 "Net-(R16-Pad1)")
  (net 39 "Net-(R18-Pad1)")
  (net 40 "Net-(U4-Pad1)")
  (net 41 "Net-(U4-Pad8)")
  (net 42 "Net-(U5-Pad7)")
  (net 43 "Net-(U5-Pad5)")
  (net 44 "Net-(C6-Pad1)")

  (net_class Default "This is the default net class."
    (clearance 0.2)
    (trace_width 0.2)
    (via_dia 0.6)
    (via_drill 0.3)
    (uvia_dia 0.3)
    (uvia_drill 0.1)
    (add_net /9V)
    (add_net /Amplifier/L_channel)
    (add_net /Amplifier/R_channel)
    (add_net /High_power)
    (add_net /ID_SC_EEPROM)
    (add_net /ID_SD_EEPROM)
    (add_net /P3V3_HAT)
    (add_net /P5V_HAT)
    (add_net /Triangle_wave)
    (add_net GND)
    (add_net "Net-(C2-Pad1)")
    (add_net "Net-(C2-Pad2)")
    (add_net "Net-(C3-Pad1)")
    (add_net "Net-(C6-Pad1)")
    (add_net "Net-(D10-Pad1)")
    (add_net "Net-(D11-Pad1)")
    (add_net "Net-(D12-Pad1)")
    (add_net "Net-(D2-Pad1)")
    (add_net "Net-(D3-Pad1)")
    (add_net "Net-(D4-Pad1)")
    (add_net "Net-(D5-Pad1)")
    (add_net "Net-(D6-Pad1)")
    (add_net "Net-(D7-Pad1)")
    (add_net "Net-(D8-Pad1)")
    (add_net "Net-(D9-Pad1)")
    (add_net "Net-(J1-Pad2)")
    (add_net "Net-(L1-Pad1)")
    (add_net "Net-(Q1-Pad1)")
    (add_net "Net-(Q2-Pad1)")
    (add_net "Net-(R10-Pad1)")
    (add_net "Net-(R10-Pad2)")
    (add_net "Net-(R12-Pad1)")
    (add_net "Net-(R12-Pad2)")
    (add_net "Net-(R13-Pad2)")
    (add_net "Net-(R14-Pad2)")
    (add_net "Net-(R15-Pad2)")
    (add_net "Net-(R16-Pad1)")
    (add_net "Net-(R18-Pad1)")
    (add_net "Net-(R4-Pad2)")
    (add_net "Net-(R6-Pad3)")
    (add_net "Net-(U4-Pad1)")
    (add_net "Net-(U4-Pad8)")
    (add_net "Net-(U5-Pad5)")
    (add_net "Net-(U5-Pad7)")
  )

  (net_class "default 2" ""
    (clearance 0.2)
    (trace_width 0.3)
    (via_dia 0.5)
    (via_drill 0.3)
    (uvia_dia 0.3)
    (uvia_drill 0.1)
  )

  (module MAIN_PCB_LIB:L_RFS1113_coilcraft (layer F.Cu) (tedit 61AE8BD4) (tstamp 61AF0F07)
    (at 97.725 81.375)
    (path /6152C63E/61B4E324)
    (fp_text reference L1 (at 0 0.5) (layer F.SilkS)
      (effects (font (size 1 1) (thickness 0.15)))
    )
    (fp_text value L_22uH_RFS1113_coilcraft_TH (at 0 -0.5) (layer F.Fab)
      (effects (font (size 1 1) (thickness 0.15)))
    )
    (fp_circle (center 0 0) (end 0.075 5.5) (layer F.SilkS) (width 0.12))
    (pad 2 thru_hole circle (at -2.5 0) (size 2.54 2.54) (drill 1.37) (layers *.Cu *.Mask)
      (net 44 "Net-(C6-Pad1)"))
    (pad 1 thru_hole circle (at 2.5 0) (size 2.54 2.54) (drill 1.37) (layers *.Cu *.Mask)
      (net 27 "Net-(L1-Pad1)"))
  )

  (module MAIN_PCB_LIB:J_2_screwterminal_2.54 (layer F.Cu) (tedit 61AE880F) (tstamp 61AEF372)
    (at 81.775 80.02 270)
    (path /6152C63E/61B3AC0A)
    (fp_text reference J3 (at -0.969035 -4.160833 90) (layer F.SilkS)
      (effects (font (size 0.640682 0.640682) (thickness 0.15)))
    )
    (fp_text value J_2_screwterminal_2.54_282834-2 (at 2.286432 4.099395 90) (layer F.Fab)
      (effects (font (size 0.640906 0.640906) (thickness 0.15)))
    )
    (fp_line (start -3.02 3.5) (end -3.02 -3.5) (layer F.CrtYd) (width 0.05))
    (fp_line (start 3.02 3.5) (end -3.02 3.5) (layer F.CrtYd) (width 0.05))
    (fp_line (start 3.02 -3.5) (end 3.02 3.5) (layer F.CrtYd) (width 0.05))
    (fp_line (start -3.02 -3.5) (end 3.02 -3.5) (layer F.CrtYd) (width 0.05))
    (fp_circle (center -3.502 0) (end -3.302 0) (layer F.SilkS) (width 0.4))
    (fp_line (start -2.77 3.25) (end -2.77 -3.25) (layer F.Fab) (width 0.127))
    (fp_line (start 2.77 3.25) (end -2.77 3.25) (layer F.Fab) (width 0.127))
    (fp_line (start 2.77 -3.25) (end 2.77 3.25) (layer F.Fab) (width 0.127))
    (fp_line (start -2.77 -3.25) (end 2.77 -3.25) (layer F.Fab) (width 0.127))
    (fp_line (start -2.77 3.25) (end -2.77 -3.25) (layer F.SilkS) (width 0.127))
    (fp_line (start 2.77 3.25) (end -2.77 3.25) (layer F.SilkS) (width 0.127))
    (fp_line (start 2.77 -3.25) (end 2.77 3.25) (layer F.SilkS) (width 0.127))
    (fp_line (start -2.77 -3.25) (end 2.77 -3.25) (layer F.SilkS) (width 0.127))
    (pad 2 thru_hole circle (at 1.27 0 270) (size 1.65 1.65) (drill 1.1) (layers *.Cu *.Mask)
      (net 44 "Net-(C6-Pad1)"))
    (pad 1 thru_hole rect (at -1.27 0 270) (size 1.65 1.65) (drill 1.1) (layers *.Cu *.Mask)
      (net 1 GND))
    (model ${KISYS3DMOD}/282834-2.step
      (offset (xyz 0 -3.25 3))
      (scale (xyz 1 1 1))
      (rotate (xyz -90 0 0))
    )
  )

  (module MAIN_PCB_LIB:U_8_DIP_TC4427CPA_Microchip (layer F.Cu) (tedit 61AD4BAC) (tstamp 61AD3BCC)
    (at 117.95 77.475 90)
    (path /6152C63E/6168BC4F)
    (fp_text reference U4 (at -5.56 -5.75 270) (layer F.SilkS)
      (effects (font (size 1 1) (thickness 0.15)) (justify right))
    )
    (fp_text value U_TC4427M_Microchip (at 0 0 270) (layer F.CrtYd)
      (effects (font (size 1.27 1.27) (thickness 0.15)))
    )
    (fp_circle (center -1.649999 -4.149999) (end -1.35 -4.149999) (layer F.SilkS) (width 0.599999))
    (fp_circle (center -3.81 -5.11) (end -3.684999 -5.11) (layer F.SilkS) (width 0.249999))
    (fp_line (start -0.635 -5.15) (end -0.627182 -5.050664) (layer F.SilkS) (width 0.2))
    (fp_line (start -0.627182 -5.050664) (end -0.603921 -4.953774) (layer F.SilkS) (width 0.2))
    (fp_line (start -0.603921 -4.953774) (end -0.565789 -4.861716) (layer F.SilkS) (width 0.2))
    (fp_line (start -0.565789 -4.861716) (end -0.513726 -4.776756) (layer F.SilkS) (width 0.2))
    (fp_line (start -0.513726 -4.776756) (end -0.449013 -4.700987) (layer F.SilkS) (width 0.2))
    (fp_line (start -0.449013 -4.700987) (end -0.373244 -4.636274) (layer F.SilkS) (width 0.2))
    (fp_line (start -0.373244 -4.636274) (end -0.288284 -4.584211) (layer F.SilkS) (width 0.2))
    (fp_line (start -0.288284 -4.584211) (end -0.196226 -4.546079) (layer F.SilkS) (width 0.2))
    (fp_line (start -0.196226 -4.546079) (end -0.099336 -4.522818) (layer F.SilkS) (width 0.2))
    (fp_line (start -0.099336 -4.522818) (end 0 -4.515) (layer F.SilkS) (width 0.2))
    (fp_line (start 0 -4.515) (end 0.099336 -4.522818) (layer F.SilkS) (width 0.2))
    (fp_line (start 0.099336 -4.522818) (end 0.196226 -4.546079) (layer F.SilkS) (width 0.2))
    (fp_line (start 0.196226 -4.546079) (end 0.288284 -4.584211) (layer F.SilkS) (width 0.2))
    (fp_line (start 0.288284 -4.584211) (end 0.373244 -4.636274) (layer F.SilkS) (width 0.2))
    (fp_line (start 0.373244 -4.636274) (end 0.449013 -4.700987) (layer F.SilkS) (width 0.2))
    (fp_line (start 0.449013 -4.700987) (end 0.513726 -4.776756) (layer F.SilkS) (width 0.2))
    (fp_line (start 0.513726 -4.776756) (end 0.565789 -4.861716) (layer F.SilkS) (width 0.2))
    (fp_line (start 0.565789 -4.861716) (end 0.603921 -4.953774) (layer F.SilkS) (width 0.2))
    (fp_line (start 0.603921 -4.953774) (end 0.627182 -5.050664) (layer F.SilkS) (width 0.2))
    (fp_line (start 0.627182 -5.050664) (end 0.635 -5.15) (layer F.SilkS) (width 0.2))
    (fp_circle (center -2.7 -4.249999) (end -2.200001 -4.249999) (layer F.Fab) (width 0.1))
    (fp_line (start -2.65 5.15) (end 2.65 5.15) (layer F.SilkS) (width 0.15))
    (fp_line (start 0.635 -5.15) (end 2.65 -5.15) (layer F.SilkS) (width 0.15))
    (fp_line (start -2.65 -5.15) (end -0.635 -5.15) (layer F.SilkS) (width 0.15))
    (fp_line (start 2.65 5.15) (end 2.65 -5.15) (layer F.SilkS) (width 0.15))
    (fp_line (start -2.65 5.15) (end -2.65 -5.15) (layer F.SilkS) (width 0.15))
    (fp_line (start -3.6 5.15) (end 3.6 5.15) (layer F.Fab) (width 0.1))
    (fp_line (start -3.6 -5.15) (end 3.6 -5.15) (layer F.Fab) (width 0.1))
    (fp_line (start 3.6 5.15) (end 3.6 -5.15) (layer F.Fab) (width 0.1))
    (fp_line (start -3.6 5.15) (end -3.6 -5.15) (layer F.Fab) (width 0.1))
    (fp_line (start 4.485 -5.175) (end 4.485 -5.175) (layer F.CrtYd) (width 0.15))
    (fp_line (start 4.485 -5.175) (end -4.485 -5.175) (layer F.CrtYd) (width 0.15))
    (fp_line (start -4.485 -5.175) (end -4.485 5.075) (layer F.CrtYd) (width 0.15))
    (fp_line (start -4.485 5.075) (end 4.485 5.075) (layer F.CrtYd) (width 0.15))
    (fp_line (start 4.485 5.075) (end 4.485 -5.175) (layer F.CrtYd) (width 0.15))
    (pad 1 thru_hole rect (at -3.81 -3.81 90) (size 1.5 1.5) (drill 0.900001) (layers *.Cu *.Mask)
      (net 40 "Net-(U4-Pad1)"))
    (pad 2 thru_hole circle (at -3.81 -1.27 90) (size 1.5 1.5) (drill 0.900001) (layers *.Cu *.Mask)
      (net 34 "Net-(R13-Pad2)"))
    (pad 3 thru_hole circle (at -3.81 1.27 90) (size 1.5 1.5) (drill 0.900001) (layers *.Cu *.Mask)
      (net 1 GND))
    (pad 4 thru_hole circle (at -3.81 3.81 90) (size 1.5 1.5) (drill 0.900001) (layers *.Cu *.Mask)
      (net 35 "Net-(R14-Pad2)"))
    (pad 8 thru_hole circle (at 3.81 -3.81 90) (size 1.5 1.5) (drill 0.900001) (layers *.Cu *.Mask)
      (net 41 "Net-(U4-Pad8)"))
    (pad 7 thru_hole circle (at 3.81 -1.27 90) (size 1.5 1.5) (drill 0.900001) (layers *.Cu *.Mask)
      (net 4 "Net-(Q1-Pad1)"))
    (pad 6 thru_hole circle (at 3.81 1.27 90) (size 1.5 1.5) (drill 0.900001) (layers *.Cu *.Mask)
      (net 8 /9V))
    (pad 5 thru_hole circle (at 3.81 3.81 90) (size 1.5 1.5) (drill 0.900001) (layers *.Cu *.Mask)
      (net 5 "Net-(Q2-Pad1)"))
    (model "D:/Users/Thijs/Documents/Kicad/Kicad_lib/3D drawings/Microchip_-_TC4427CPA.step"
      (at (xyz 0 0 0))
      (scale (xyz 1 1 1))
      (rotate (xyz 0 0 0))
    )
  )

  (module MAIN_PCB_LIB:U_TI_LM393N_NOPB (layer F.Cu) (tedit 61AE8169) (tstamp 61AD3B9B)
    (at 115.3 91.45 270)
    (path /6152C63E/617B6035)
    (fp_text reference U3 (at -1.524 0 90) (layer F.SilkS)
      (effects (font (size 1.016 1.016) (thickness 0.15)) (justify right))
    )
    (fp_text value U_LM393N_NOPB (at 0 0 90) (layer F.CrtYd)
      (effects (font (size 1.27 1.27) (thickness 0.15)))
    )
    (fp_line (start 4.775 5.274999) (end 4.775 -5.274999) (layer F.CrtYd) (width 0.15))
    (fp_line (start -4.775 5.274999) (end 4.775 5.274999) (layer F.CrtYd) (width 0.15))
    (fp_line (start -4.775 -5.274999) (end -4.775 5.274999) (layer F.CrtYd) (width 0.15))
    (fp_line (start 4.775 -5.274999) (end -4.775 -5.274999) (layer F.CrtYd) (width 0.15))
    (fp_line (start 4.775 -5.274999) (end 4.775 -5.274999) (layer F.CrtYd) (width 0.15))
    (fp_line (start -3.300001 5.074999) (end -3.300001 -5.074999) (layer F.Fab) (width 0.1))
    (fp_line (start 3.300001 5.074999) (end 3.300001 -5.074999) (layer F.Fab) (width 0.1))
    (fp_line (start -3.300001 -5.074999) (end 3.300001 -5.074999) (layer F.Fab) (width 0.1))
    (fp_line (start -3.300001 5.074999) (end 3.300001 5.074999) (layer F.Fab) (width 0.1))
    (fp_line (start -2.65 5.1) (end -2.65 -5.1) (layer F.SilkS) (width 0.15))
    (fp_line (start 2.65 5.1) (end 2.65 -5.1) (layer F.SilkS) (width 0.15))
    (fp_line (start -2.65 -5.1) (end -0.635 -5.1) (layer F.SilkS) (width 0.15))
    (fp_line (start 0.635 -5.1) (end 2.65 -5.1) (layer F.SilkS) (width 0.15))
    (fp_line (start -2.65 5.1) (end 2.65 5.1) (layer F.SilkS) (width 0.15))
    (fp_circle (center -2.4 -4.175001) (end -1.900001 -4.175001) (layer F.Fab) (width 0.1))
    (fp_line (start 0.627182 -5.000664) (end 0.635 -5.1) (layer F.SilkS) (width 0.2))
    (fp_line (start 0.603921 -4.903774) (end 0.627182 -5.000664) (layer F.SilkS) (width 0.2))
    (fp_line (start 0.565789 -4.811716) (end 0.603921 -4.903774) (layer F.SilkS) (width 0.2))
    (fp_line (start 0.513726 -4.726756) (end 0.565789 -4.811716) (layer F.SilkS) (width 0.2))
    (fp_line (start 0.449013 -4.650987) (end 0.513726 -4.726756) (layer F.SilkS) (width 0.2))
    (fp_line (start 0.373244 -4.586274) (end 0.449013 -4.650987) (layer F.SilkS) (width 0.2))
    (fp_line (start 0.288284 -4.534211) (end 0.373244 -4.586274) (layer F.SilkS) (width 0.2))
    (fp_line (start 0.196226 -4.496079) (end 0.288284 -4.534211) (layer F.SilkS) (width 0.2))
    (fp_line (start 0.099336 -4.472818) (end 0.196226 -4.496079) (layer F.SilkS) (width 0.2))
    (fp_line (start 0 -4.465) (end 0.099336 -4.472818) (layer F.SilkS) (width 0.2))
    (fp_line (start -0.099336 -4.472818) (end 0 -4.465) (layer F.SilkS) (width 0.2))
    (fp_line (start -0.196226 -4.496079) (end -0.099336 -4.472818) (layer F.SilkS) (width 0.2))
    (fp_line (start -0.288284 -4.534211) (end -0.196226 -4.496079) (layer F.SilkS) (width 0.2))
    (fp_line (start -0.373244 -4.586274) (end -0.288284 -4.534211) (layer F.SilkS) (width 0.2))
    (fp_line (start -0.449013 -4.650987) (end -0.373244 -4.586274) (layer F.SilkS) (width 0.2))
    (fp_line (start -0.513726 -4.726756) (end -0.449013 -4.650987) (layer F.SilkS) (width 0.2))
    (fp_line (start -0.565789 -4.811716) (end -0.513726 -4.726756) (layer F.SilkS) (width 0.2))
    (fp_line (start -0.603921 -4.903774) (end -0.565789 -4.811716) (layer F.SilkS) (width 0.2))
    (fp_line (start -0.627182 -5.000664) (end -0.603921 -4.903774) (layer F.SilkS) (width 0.2))
    (fp_line (start -0.635 -5.1) (end -0.627182 -5.000664) (layer F.SilkS) (width 0.2))
    (fp_circle (center -3.81 -5.11) (end -3.684999 -5.11) (layer F.SilkS) (width 0.249999))
    (fp_circle (center -1.649999 -4.099999) (end -1.35 -4.099999) (layer F.SilkS) (width 0.599999))
    (pad 1 thru_hole rect (at -3.81 -3.81 270) (size 1.5 1.5) (drill 0.900001) (layers *.Cu *.Mask)
      (net 34 "Net-(R13-Pad2)"))
    (pad 2 thru_hole circle (at -3.81 -1.27 270) (size 1.5 1.5) (drill 0.900001) (layers *.Cu *.Mask)
      (net 12 /Triangle_wave))
    (pad 3 thru_hole circle (at -3.81 1.27 270) (size 1.5 1.5) (drill 0.900001) (layers *.Cu *.Mask)
      (net 33 "Net-(R12-Pad1)"))
    (pad 4 thru_hole circle (at -3.81 3.81 270) (size 1.5 1.5) (drill 0.900001) (layers *.Cu *.Mask)
      (net 1 GND))
    (pad 8 thru_hole circle (at 3.81 -3.81 270) (size 1.5 1.5) (drill 0.900001) (layers *.Cu *.Mask)
      (net 8 /9V))
    (pad 7 thru_hole circle (at 3.81 -1.27 270) (size 1.5 1.5) (drill 0.900001) (layers *.Cu *.Mask)
      (net 35 "Net-(R14-Pad2)"))
    (pad 6 thru_hole circle (at 3.81 1.27 270) (size 1.5 1.5) (drill 0.900001) (layers *.Cu *.Mask)
      (net 33 "Net-(R12-Pad1)"))
    (pad 5 thru_hole circle (at 3.81 3.81 270) (size 1.5 1.5) (drill 0.900001) (layers *.Cu *.Mask)
      (net 12 /Triangle_wave))
    (model eec.models/TI_National_Semiconductor_-_LM393N/NOPB.step
      (offset (xyz 0 0 12.95397440545082))
      (scale (xyz 1 1 1))
      (rotate (xyz 0 0 0))
    )
    (model eec.models/TI_National_Semiconductor_-_LM393N/NOPB.step
      (offset (xyz 96.77399854660034 0 -40.63997398964882))
      (scale (xyz 1 1 1))
      (rotate (xyz 0 0 0))
    )
    (model eec.models/TI_National_Semiconductor_-_LM393N/NOPB.step
      (offset (xyz 96.77399854660034 0 67.56399898529052))
      (scale (xyz 1 1 1))
      (rotate (xyz 0 0 0))
    )
    (model eec.models/TI_National_Semiconductor_-_LM393N/NOPB.step
      (offset (xyz 96.77399854660034 0 0))
      (scale (xyz 1 1 1))
      (rotate (xyz 0 0 0))
    )
    (model eec.models/TI_National_Semiconductor_-_LM393N/NOPB.step
      (offset (xyz 32.25799951553345 0 -40.63997398964882))
      (scale (xyz 1 1 1))
      (rotate (xyz 0 0 0))
    )
    (model eec.models/TI_National_Semiconductor_-_LM393N/NOPB.step
      (offset (xyz 32.25799951553345 0 67.56399898529052))
      (scale (xyz 1 1 1))
      (rotate (xyz 0 0 0))
    )
    (model eec.models/TI_National_Semiconductor_-_LM393N/NOPB.step
      (offset (xyz 32.25799951553345 0 0))
      (scale (xyz 1 1 1))
      (rotate (xyz 0 0 0))
    )
    (model eec.models/TI_National_Semiconductor_-_LM393N/NOPB.step
      (offset (xyz -20.70099968910217 0 -40.63997398964882))
      (scale (xyz 1 1 1))
      (rotate (xyz 0 0 0))
    )
    (model eec.models/TI_National_Semiconductor_-_LM393N/NOPB.step
      (offset (xyz -22.47899966239929 0 67.56399898529052))
      (scale (xyz 1 1 1))
      (rotate (xyz 0 0 0))
    )
    (model eec.models/TI_National_Semiconductor_-_LM393N/NOPB.step
      (offset (xyz -22.47899966239929 0 0))
      (scale (xyz 1 1 1))
      (rotate (xyz 0 0 0))
    )
    (model eec.models/TI_National_Semiconductor_-_LM393N/NOPB.step
      (offset (xyz -52.95899920463562 0 -40.63997398964882))
      (scale (xyz 1 1 1))
      (rotate (xyz 0 0 0))
    )
    (model eec.models/TI_National_Semiconductor_-_LM393N/NOPB.step
      (offset (xyz -54.73699917793274 0 67.56399898529052))
      (scale (xyz 1 1 1))
      (rotate (xyz 0 0 0))
    )
    (model eec.models/TI_National_Semiconductor_-_LM393N/NOPB.step
      (offset (xyz -54.73699917793274 0 0))
      (scale (xyz 1 1 1))
      (rotate (xyz 0 0 0))
    )
    (model eec.models/TI_National_Semiconductor_-_LM393N/NOPB.step
      (offset (xyz -52.95899920463562 0 -40.63997398964882))
      (scale (xyz 1 1 1))
      (rotate (xyz 0 0 0))
    )
    (model eec.models/TI_National_Semiconductor_-_LM393N/NOPB.step
      (offset (xyz -54.73699917793274 0 67.56399898529052))
      (scale (xyz 1 1 1))
      (rotate (xyz 0 0 0))
    )
    (model eec.models/TI_National_Semiconductor_-_LM393N/NOPB.step
      (offset (xyz -54.73699917793274 0 0))
      (scale (xyz 1 1 1))
      (rotate (xyz 0 0 0))
    )
    (model eec.models/TI_National_Semiconductor_-_LM393N/NOPB.step
      (offset (xyz -20.70099968910217 0 -40.63997398964882))
      (scale (xyz 1 1 1))
      (rotate (xyz 0 0 0))
    )
    (model eec.models/TI_National_Semiconductor_-_LM393N/NOPB.step
      (offset (xyz -22.47899966239929 0 67.56399898529052))
      (scale (xyz 1 1 1))
      (rotate (xyz 0 0 0))
    )
    (model eec.models/TI_National_Semiconductor_-_LM393N/NOPB.step
      (offset (xyz -22.47899966239929 0 0))
      (scale (xyz 1 1 1))
      (rotate (xyz 0 0 0))
    )
    (model eec.models/TI_National_Semiconductor_-_LM393N/NOPB.step
      (offset (xyz 32.25799951553345 0 -40.63997398964882))
      (scale (xyz 1 1 1))
      (rotate (xyz 0 0 0))
    )
    (model eec.models/TI_National_Semiconductor_-_LM393N/NOPB.step
      (offset (xyz 32.25799951553345 0 67.56399898529052))
      (scale (xyz 1 1 1))
      (rotate (xyz 0 0 0))
    )
    (model eec.models/TI_National_Semiconductor_-_LM393N/NOPB.step
      (offset (xyz 32.25799951553345 0 0))
      (scale (xyz 1 1 1))
      (rotate (xyz 0 0 0))
    )
    (model eec.models/TI_National_Semiconductor_-_LM393N/NOPB.step
      (offset (xyz 96.77399854660034 0 -40.63997398964882))
      (scale (xyz 1 1 1))
      (rotate (xyz 0 0 0))
    )
    (model eec.models/TI_National_Semiconductor_-_LM393N/NOPB.step
      (offset (xyz 96.77399854660034 0 67.56399898529052))
      (scale (xyz 1 1 1))
      (rotate (xyz 0 0 0))
    )
    (model eec.models/TI_National_Semiconductor_-_LM393N/NOPB.step
      (offset (xyz 96.77399854660034 0 0))
      (scale (xyz 1 1 1))
      (rotate (xyz 0 0 0))
    )
  )

  (module MAIN_PCB_LIB:U_LM358AP_TI_DIP (layer F.Cu) (tedit 61AE8179) (tstamp 61AD3B6A)
    (at 117.8 102.4)
    (path /6152C63E/61AEADB8)
    (fp_text reference U2 (at -1.05 -0.05) (layer F.SilkS)
      (effects (font (size 1.016 1.016) (thickness 0.15)) (justify left))
    )
    (fp_text value U_LM358AP_TI_DIP (at 0 0) (layer F.CrtYd)
      (effects (font (size 1.27 1.27) (thickness 0.15)))
    )
    (fp_circle (center -1.649999 -4.099999) (end -1.35 -4.099999) (layer F.SilkS) (width 0.599999))
    (fp_circle (center -3.81 -5.11) (end -3.684999 -5.11) (layer F.SilkS) (width 0.249999))
    (fp_line (start -0.635 -5.1) (end -0.627182 -5.000664) (layer F.SilkS) (width 0.2))
    (fp_line (start -0.627182 -5.000664) (end -0.603921 -4.903774) (layer F.SilkS) (width 0.2))
    (fp_line (start -0.603921 -4.903774) (end -0.565789 -4.811716) (layer F.SilkS) (width 0.2))
    (fp_line (start -0.565789 -4.811716) (end -0.513726 -4.726756) (layer F.SilkS) (width 0.2))
    (fp_line (start -0.513726 -4.726756) (end -0.449013 -4.650987) (layer F.SilkS) (width 0.2))
    (fp_line (start -0.449013 -4.650987) (end -0.373244 -4.586274) (layer F.SilkS) (width 0.2))
    (fp_line (start -0.373244 -4.586274) (end -0.288284 -4.534211) (layer F.SilkS) (width 0.2))
    (fp_line (start -0.288284 -4.534211) (end -0.196226 -4.496079) (layer F.SilkS) (width 0.2))
    (fp_line (start -0.196226 -4.496079) (end -0.099336 -4.472818) (layer F.SilkS) (width 0.2))
    (fp_line (start -0.099336 -4.472818) (end 0 -4.465) (layer F.SilkS) (width 0.2))
    (fp_line (start 0 -4.465) (end 0.099336 -4.472818) (layer F.SilkS) (width 0.2))
    (fp_line (start 0.099336 -4.472818) (end 0.196226 -4.496079) (layer F.SilkS) (width 0.2))
    (fp_line (start 0.196226 -4.496079) (end 0.288284 -4.534211) (layer F.SilkS) (width 0.2))
    (fp_line (start 0.288284 -4.534211) (end 0.373244 -4.586274) (layer F.SilkS) (width 0.2))
    (fp_line (start 0.373244 -4.586274) (end 0.449013 -4.650987) (layer F.SilkS) (width 0.2))
    (fp_line (start 0.449013 -4.650987) (end 0.513726 -4.726756) (layer F.SilkS) (width 0.2))
    (fp_line (start 0.513726 -4.726756) (end 0.565789 -4.811716) (layer F.SilkS) (width 0.2))
    (fp_line (start 0.565789 -4.811716) (end 0.603921 -4.903774) (layer F.SilkS) (width 0.2))
    (fp_line (start 0.603921 -4.903774) (end 0.627182 -5.000664) (layer F.SilkS) (width 0.2))
    (fp_line (start 0.627182 -5.000664) (end 0.635 -5.1) (layer F.SilkS) (width 0.2))
    (fp_circle (center -2.4 -4.175001) (end -1.900001 -4.175001) (layer F.Fab) (width 0.1))
    (fp_line (start -2.65 5.1) (end 2.65 5.1) (layer F.SilkS) (width 0.15))
    (fp_line (start 0.635 -5.1) (end 2.65 -5.1) (layer F.SilkS) (width 0.15))
    (fp_line (start -2.65 -5.1) (end -0.635 -5.1) (layer F.SilkS) (width 0.15))
    (fp_line (start 2.65 5.1) (end 2.65 -5.1) (layer F.SilkS) (width 0.15))
    (fp_line (start -2.65 5.1) (end -2.65 -5.1) (layer F.SilkS) (width 0.15))
    (fp_line (start -3.300001 5.074999) (end 3.300001 5.074999) (layer F.Fab) (width 0.1))
    (fp_line (start -3.300001 -5.074999) (end 3.300001 -5.074999) (layer F.Fab) (width 0.1))
    (fp_line (start 3.300001 5.074999) (end 3.300001 -5.074999) (layer F.Fab) (width 0.1))
    (fp_line (start -3.300001 5.074999) (end -3.300001 -5.074999) (layer F.Fab) (width 0.1))
    (fp_line (start 4.775 -5.274999) (end 4.775 -5.274999) (layer F.CrtYd) (width 0.15))
    (fp_line (start 4.775 -5.274999) (end -4.775 -5.274999) (layer F.CrtYd) (width 0.15))
    (fp_line (start -4.775 -5.274999) (end -4.775 5.274999) (layer F.CrtYd) (width 0.15))
    (fp_line (start -4.775 5.274999) (end 4.775 5.274999) (layer F.CrtYd) (width 0.15))
    (fp_line (start 4.775 5.274999) (end 4.775 -5.274999) (layer F.CrtYd) (width 0.15))
    (pad 1 thru_hole rect (at -3.81 -3.81) (size 1.5 1.5) (drill 0.900001) (layers *.Cu *.Mask)
      (net 33 "Net-(R12-Pad1)"))
    (pad 2 thru_hole circle (at -3.81 -1.27) (size 1.5 1.5) (drill 0.900001) (layers *.Cu *.Mask)
      (net 30 "Net-(R12-Pad2)"))
    (pad 3 thru_hole circle (at -3.81 1.27) (size 1.5 1.5) (drill 0.900001) (layers *.Cu *.Mask)
      (net 32 "Net-(R10-Pad1)"))
    (pad 4 thru_hole circle (at -3.81 3.81) (size 1.5 1.5) (drill 0.900001) (layers *.Cu *.Mask)
      (net 1 GND))
    (pad 8 thru_hole circle (at 3.81 -3.81) (size 1.5 1.5) (drill 0.900001) (layers *.Cu *.Mask)
      (net 8 /9V))
    (pad 7 thru_hole circle (at 3.81 -1.27) (size 1.5 1.5) (drill 0.900001) (layers *.Cu *.Mask))
    (pad 6 thru_hole circle (at 3.81 1.27) (size 1.5 1.5) (drill 0.900001) (layers *.Cu *.Mask))
    (pad 5 thru_hole circle (at 3.81 3.81) (size 1.5 1.5) (drill 0.900001) (layers *.Cu *.Mask))
    (model eec.models/Texas_Instruments_-_LM358AP.step
      (offset (xyz 0 0 12.95397440545082))
      (scale (xyz 1 1 1))
      (rotate (xyz 0 0 0))
    )
    (model eec.models/Texas_Instruments_-_LM358AP.step
      (offset (xyz 96.77399854660034 0 -40.63997398964882))
      (scale (xyz 1 1 1))
      (rotate (xyz 0 0 0))
    )
    (model eec.models/Texas_Instruments_-_LM358AP.step
      (offset (xyz 96.77399854660034 0 67.56399898529052))
      (scale (xyz 1 1 1))
      (rotate (xyz 0 0 0))
    )
    (model eec.models/Texas_Instruments_-_LM358AP.step
      (offset (xyz 96.77399854660034 0 0))
      (scale (xyz 1 1 1))
      (rotate (xyz 0 0 0))
    )
    (model eec.models/Texas_Instruments_-_LM358AP.step
      (offset (xyz 32.25799951553345 0 -40.63997398964882))
      (scale (xyz 1 1 1))
      (rotate (xyz 0 0 0))
    )
    (model eec.models/Texas_Instruments_-_LM358AP.step
      (offset (xyz 32.25799951553345 0 67.56399898529052))
      (scale (xyz 1 1 1))
      (rotate (xyz 0 0 0))
    )
    (model eec.models/Texas_Instruments_-_LM358AP.step
      (offset (xyz 32.25799951553345 0 0))
      (scale (xyz 1 1 1))
      (rotate (xyz 0 0 0))
    )
    (model eec.models/Texas_Instruments_-_LM358AP.step
      (offset (xyz -20.70099968910217 0 -40.63997398964882))
      (scale (xyz 1 1 1))
      (rotate (xyz 0 0 0))
    )
    (model eec.models/Texas_Instruments_-_LM358AP.step
      (offset (xyz -22.47899966239929 0 67.56399898529052))
      (scale (xyz 1 1 1))
      (rotate (xyz 0 0 0))
    )
    (model eec.models/Texas_Instruments_-_LM358AP.step
      (offset (xyz -22.47899966239929 0 0))
      (scale (xyz 1 1 1))
      (rotate (xyz 0 0 0))
    )
    (model eec.models/Texas_Instruments_-_LM358AP.step
      (offset (xyz -52.95899920463562 0 -40.63997398964882))
      (scale (xyz 1 1 1))
      (rotate (xyz 0 0 0))
    )
    (model eec.models/Texas_Instruments_-_LM358AP.step
      (offset (xyz -54.73699917793274 0 67.56399898529052))
      (scale (xyz 1 1 1))
      (rotate (xyz 0 0 0))
    )
  )

  (module MAIN_PCB_LIB:J_Barreljack_3.5mm_Wurth (layer F.Cu) (tedit 61AD3524) (tstamp 61AD3A0A)
    (at 89.35 116.825 90)
    (descr "<b>694102303002</b><p>WR-DC_DC Power Jack_Right Angled_THT Center Pin ?1.0_Plug ID ?1.05_Plug OD ?3.5")
    (path /6176EC14)
    (fp_text reference J1 (at 7.075 -4.139 90) (layer F.SilkS)
      (effects (font (size 1 1) (thickness 0.15)))
    )
    (fp_text value J_Barreljack_3.5mm_Wurth_TH (at 8 4.65 90) (layer F.CrtYd)
      (effects (font (size 1 1) (thickness 0.15)))
    )
    (fp_line (start 11.1 -1.9) (end 11.1 -2.5) (layer F.SilkS) (width 0.127))
    (fp_line (start 0 2.5) (end 6.6 2.5) (layer F.SilkS) (width 0.127))
    (fp_line (start 11.1 2.5) (end 11.1 1.9) (layer F.SilkS) (width 0.127))
    (fp_line (start 0 2.5) (end 0 -2.5) (layer F.SilkS) (width 0.127))
    (fp_line (start 10 2.5) (end 11.1 2.5) (layer F.SilkS) (width 0.127))
    (fp_line (start 0 -2.5) (end 11.1 -2.5) (layer F.SilkS) (width 0.127))
    (pad 1 thru_hole oval (at 10.9 0 90) (size 1.5 3) (drill oval 1 1.49325) (layers *.Cu *.Mask)
      (net 8 /9V))
    (pad 2 thru_hole oval (at 6 0 90) (size 1.5 3) (drill oval 1 1.49025) (layers *.Cu *.Mask)
      (net 24 "Net-(J1-Pad2)"))
    (pad 3 thru_hole oval (at 8.3 2.8 180) (size 1.5 3) (drill oval 1 1.49025) (layers *.Cu *.Mask)
      (net 1 GND))
    (model ${KISYS3DMOD}/694102303002.step
      (offset (xyz 1.7 0 4))
      (scale (xyz 1 1 1))
      (rotate (xyz 0 0 90))
    )
  )

  (module MAIN_PCB_LIB:U_LM3914_TI_DIP (layer F.Cu) (tedit 616F2003) (tstamp 61AD3C2C)
    (at 130.225 83.8)
    (path /616ED187/616F242F)
    (fp_text reference U6 (at -4.71875 -12.68) (layer F.SilkS)
      (effects (font (size 1 1) (thickness 0.15)) (justify left))
    )
    (fp_text value U_LM3914N-1_NOPB (at 0 0) (layer F.CrtYd)
      (effects (font (size 1.27 1.27) (thickness 0.15)))
    )
    (fp_circle (center -5.21875 -10.16) (end -5.09375 -10.16) (layer F.SilkS) (width 0.25))
    (fp_line (start -3.175 11.43) (end -3.175 -11.43) (layer F.Fab) (width 0.15))
    (fp_line (start -3.175 -11.43) (end 3.175 -11.43) (layer F.Fab) (width 0.15))
    (fp_line (start 3.175 -11.43) (end 3.175 11.43) (layer F.Fab) (width 0.15))
    (fp_line (start 3.175 11.43) (end -3.175 11.43) (layer F.Fab) (width 0.15))
    (fp_line (start -2.175 -11.43) (end -2.175 11.43) (layer F.SilkS) (width 0.15))
    (fp_line (start -2.175 11.43) (end 2.175 11.43) (layer F.SilkS) (width 0.15))
    (fp_line (start 2.175 11.43) (end 2.175 -11.43) (layer F.SilkS) (width 0.15))
    (fp_line (start 2.175 -11.43) (end 0.621428 -11.43) (layer F.SilkS) (width 0.15))
    (fp_line (start 0.621428 -11.43) (end 0.621428 -10.93) (layer F.SilkS) (width 0.15))
    (fp_line (start 0.621428 -10.93) (end -0.621428 -10.93) (layer F.SilkS) (width 0.15))
    (fp_line (start -0.621428 -10.93) (end -0.621428 -11.43) (layer F.SilkS) (width 0.15))
    (fp_line (start -0.621428 -11.43) (end -2.175 -11.43) (layer F.SilkS) (width 0.15))
    (fp_line (start 4.64375 -11.963) (end 4.64375 -11.963) (layer F.CrtYd) (width 0.15))
    (fp_line (start 4.64375 -11.963) (end -4.64375 -11.963) (layer F.CrtYd) (width 0.15))
    (fp_line (start -4.64375 -11.963) (end -4.64375 11.963) (layer F.CrtYd) (width 0.15))
    (fp_line (start -4.64375 11.963) (end 4.64375 11.963) (layer F.CrtYd) (width 0.15))
    (fp_line (start 4.64375 11.963) (end 4.64375 -11.963) (layer F.CrtYd) (width 0.15))
    (pad 18 thru_hole circle (at 3.96875 -10.16) (size 1.3 1.3) (drill 0.8) (layers *.Cu *.Mask)
      (net 19 "Net-(D8-Pad1)") (thermal_width 0.4))
    (pad 17 thru_hole circle (at 3.96875 -7.62) (size 1.3 1.3) (drill 0.8) (layers *.Cu *.Mask)
      (net 16 "Net-(D5-Pad1)") (thermal_width 0.4))
    (pad 16 thru_hole circle (at 3.96875 -5.08) (size 1.3 1.3) (drill 0.8) (layers *.Cu *.Mask)
      (net 20 "Net-(D9-Pad1)") (thermal_width 0.4))
    (pad 15 thru_hole circle (at 3.96875 -2.54) (size 1.3 1.3) (drill 0.8) (layers *.Cu *.Mask)
      (net 14 "Net-(D3-Pad1)") (thermal_width 0.4))
    (pad 14 thru_hole circle (at 3.96875 0) (size 1.3 1.3) (drill 0.8) (layers *.Cu *.Mask)
      (net 21 "Net-(D10-Pad1)") (thermal_width 0.4))
    (pad 13 thru_hole circle (at 3.96875 2.54) (size 1.3 1.3) (drill 0.8) (layers *.Cu *.Mask)
      (net 17 "Net-(D6-Pad1)") (thermal_width 0.4))
    (pad 12 thru_hole circle (at 3.96875 5.08) (size 1.3 1.3) (drill 0.8) (layers *.Cu *.Mask)
      (net 22 "Net-(D11-Pad1)") (thermal_width 0.4))
    (pad 11 thru_hole circle (at 3.96875 7.62) (size 1.3 1.3) (drill 0.8) (layers *.Cu *.Mask)
      (net 18 "Net-(D7-Pad1)") (thermal_width 0.4))
    (pad 10 thru_hole circle (at 3.96875 10.16) (size 1.3 1.3) (drill 0.8) (layers *.Cu *.Mask)
      (net 23 "Net-(D12-Pad1)") (thermal_width 0.4))
    (pad 9 thru_hole circle (at -3.96875 10.16) (size 1.3 1.3) (drill 0.8) (layers *.Cu *.Mask)
      (net 8 /9V) (thermal_width 0.4))
    (pad 8 thru_hole circle (at -3.96875 7.62) (size 1.3 1.3) (drill 0.8) (layers *.Cu *.Mask)
      (net 1 GND) (thermal_width 0.4))
    (pad 7 thru_hole circle (at -3.96875 5.08) (size 1.3 1.3) (drill 0.8) (layers *.Cu *.Mask)
      (net 39 "Net-(R18-Pad1)") (thermal_width 0.4))
    (pad 6 thru_hole circle (at -3.96875 2.54) (size 1.3 1.3) (drill 0.8) (layers *.Cu *.Mask)
      (net 39 "Net-(R18-Pad1)") (thermal_width 0.4))
    (pad 5 thru_hole circle (at -3.96875 0) (size 1.3 1.3) (drill 0.8) (layers *.Cu *.Mask)
      (net 38 "Net-(R16-Pad1)") (thermal_width 0.4))
    (pad 4 thru_hole circle (at -3.96875 -2.54) (size 1.3 1.3) (drill 0.8) (layers *.Cu *.Mask)
      (net 1 GND) (thermal_width 0.4))
    (pad 3 thru_hole circle (at -3.96875 -5.08) (size 1.3 1.3) (drill 0.8) (layers *.Cu *.Mask)
      (net 8 /9V) (thermal_width 0.4))
    (pad 2 thru_hole circle (at -3.96875 -7.62) (size 1.3 1.3) (drill 0.8) (layers *.Cu *.Mask)
      (net 1 GND) (thermal_width 0.4))
    (pad 1 thru_hole rect (at -3.96875 -10.16) (size 1.3 1.3) (drill 0.8) (layers *.Cu *.Mask)
      (net 15 "Net-(D4-Pad1)") (thermal_width 0.4))
  )

  (module MAIN_PCB_LIB:U_LM555CN (layer F.Cu) (tedit 5E67F634) (tstamp 61AD3C04)
    (at 106.125 102.75)
    (path /6158BEDE/6158C04F)
    (fp_text reference U5 (at -3.725 -3.95) (layer F.SilkS)
      (effects (font (size 1.016 1.016) (thickness 0.15)))
    )
    (fp_text value U_555_timer (at 9.40934 4.043455) (layer F.Fab)
      (effects (font (size 1.641976 1.641976) (thickness 0.015)))
    )
    (fp_line (start -6.985 -8.89) (end -6.985 1.27) (layer F.Fab) (width 0.1))
    (fp_line (start -4.1148 -8.89) (end -6.985 -8.89) (layer F.Fab) (width 0.1))
    (fp_line (start -3.5052 -8.89) (end -4.1148 -8.89) (layer F.Fab) (width 0.1))
    (fp_line (start -0.635 -8.89) (end -3.5052 -8.89) (layer F.Fab) (width 0.1))
    (fp_line (start -0.635 1.27) (end -0.635 -8.89) (layer F.Fab) (width 0.1))
    (fp_line (start -6.985 1.27) (end -0.635 1.27) (layer F.Fab) (width 0.1))
    (fp_line (start 0.5588 -8.1788) (end -0.635 -8.1788) (layer F.Fab) (width 0.1))
    (fp_line (start 0.5588 -7.0612) (end 0.5588 -8.1788) (layer F.Fab) (width 0.1))
    (fp_line (start -0.635 -7.0612) (end 0.5588 -7.0612) (layer F.Fab) (width 0.1))
    (fp_line (start -0.635 -8.1788) (end -0.635 -7.0612) (layer F.Fab) (width 0.1))
    (fp_line (start 0.5588 -5.6388) (end -0.635 -5.6388) (layer F.Fab) (width 0.1))
    (fp_line (start 0.5588 -4.5212) (end 0.5588 -5.6388) (layer F.Fab) (width 0.1))
    (fp_line (start -0.635 -4.5212) (end 0.5588 -4.5212) (layer F.Fab) (width 0.1))
    (fp_line (start -0.635 -5.6388) (end -0.635 -4.5212) (layer F.Fab) (width 0.1))
    (fp_line (start 0.5588 -3.0988) (end -0.635 -3.0988) (layer F.Fab) (width 0.1))
    (fp_line (start 0.5588 -1.9812) (end 0.5588 -3.0988) (layer F.Fab) (width 0.1))
    (fp_line (start -0.635 -1.9812) (end 0.5588 -1.9812) (layer F.Fab) (width 0.1))
    (fp_line (start -0.635 -3.0988) (end -0.635 -1.9812) (layer F.Fab) (width 0.1))
    (fp_line (start 0.5588 -0.5588) (end -0.635 -0.5588) (layer F.Fab) (width 0.1))
    (fp_line (start 0.5588 0.5588) (end 0.5588 -0.5588) (layer F.Fab) (width 0.1))
    (fp_line (start -0.635 0.5588) (end 0.5588 0.5588) (layer F.Fab) (width 0.1))
    (fp_line (start -0.635 -0.5588) (end -0.635 0.5588) (layer F.Fab) (width 0.1))
    (fp_line (start -8.1788 0.5588) (end -6.985 0.5588) (layer F.Fab) (width 0.1))
    (fp_line (start -8.1788 -0.5588) (end -8.1788 0.5588) (layer F.Fab) (width 0.1))
    (fp_line (start -6.985 -0.5588) (end -8.1788 -0.5588) (layer F.Fab) (width 0.1))
    (fp_line (start -6.985 0.5588) (end -6.985 -0.5588) (layer F.Fab) (width 0.1))
    (fp_line (start -8.1788 -1.9812) (end -6.985 -1.9812) (layer F.Fab) (width 0.1))
    (fp_line (start -8.1788 -3.0988) (end -8.1788 -1.9812) (layer F.Fab) (width 0.1))
    (fp_line (start -6.985 -3.0988) (end -8.1788 -3.0988) (layer F.Fab) (width 0.1))
    (fp_line (start -6.985 -1.9812) (end -6.985 -3.0988) (layer F.Fab) (width 0.1))
    (fp_line (start -8.1788 -4.5212) (end -6.985 -4.5212) (layer F.Fab) (width 0.1))
    (fp_line (start -8.1788 -5.6388) (end -8.1788 -4.5212) (layer F.Fab) (width 0.1))
    (fp_line (start -6.985 -5.6388) (end -8.1788 -5.6388) (layer F.Fab) (width 0.1))
    (fp_line (start -6.985 -4.5212) (end -6.985 -5.6388) (layer F.Fab) (width 0.1))
    (fp_line (start -8.1788 -7.0612) (end -6.985 -7.0612) (layer F.Fab) (width 0.1))
    (fp_line (start -8.1788 -8.1788) (end -8.1788 -7.0612) (layer F.Fab) (width 0.1))
    (fp_line (start -6.985 -8.1788) (end -8.1788 -8.1788) (layer F.Fab) (width 0.1))
    (fp_line (start -6.985 -7.0612) (end -6.985 -8.1788) (layer F.Fab) (width 0.1))
    (fp_line (start -4.1148 -8.89) (end -6.477 -8.89) (layer F.SilkS) (width 0.1524))
    (fp_line (start -3.5052 -8.89) (end -4.1148 -8.89) (layer F.SilkS) (width 0.1524))
    (fp_line (start -0.635 -8.89) (end -3.5052 -8.89) (layer F.SilkS) (width 0.1524))
    (fp_line (start -6.985 1.27) (end -0.635 1.27) (layer F.SilkS) (width 0.1524))
    (fp_arc (start -3.81 -8.89) (end -4.1148 -8.89) (angle -180) (layer F.Fab) (width 0.1))
    (fp_arc (start -3.81 -8.89) (end -4.1148 -8.89) (angle -180) (layer F.SilkS) (width 0.1524))
    (pad 8 thru_hole circle (at 0 -7.62) (size 1.6764 1.6764) (drill 1.1176) (layers *.Cu *.Mask)
      (net 8 /9V))
    (pad 7 thru_hole circle (at 0 -5.08) (size 1.6764 1.6764) (drill 1.1176) (layers *.Cu *.Mask)
      (net 42 "Net-(U5-Pad7)"))
    (pad 6 thru_hole circle (at 0 -2.54) (size 1.6764 1.6764) (drill 1.1176) (layers *.Cu *.Mask)
      (net 12 /Triangle_wave))
    (pad 5 thru_hole circle (at 0 0) (size 1.6764 1.6764) (drill 1.1176) (layers *.Cu *.Mask)
      (net 43 "Net-(U5-Pad5)"))
    (pad 4 thru_hole circle (at -7.62 0) (size 1.6764 1.6764) (drill 1.1176) (layers *.Cu *.Mask)
      (net 8 /9V))
    (pad 3 thru_hole circle (at -7.62 -2.54) (size 1.6764 1.6764) (drill 1.1176) (layers *.Cu *.Mask)
      (net 36 "Net-(R15-Pad2)"))
    (pad 2 thru_hole circle (at -7.62 -5.08) (size 1.6764 1.6764) (drill 1.1176) (layers *.Cu *.Mask)
      (net 12 /Triangle_wave))
    (pad 1 thru_hole rect (at -7.62 -7.62) (size 1.6764 1.6764) (drill 1.1176) (layers *.Cu *.Mask)
      (net 1 GND))
  )

  (module MAIN_PCB_LIB:R_0603 (layer F.Cu) (tedit 5DD64DE2) (tstamp 61AD3B24)
    (at 123.8 88.9)
    (path /616ED187/61702C03)
    (fp_text reference R18 (at 0 1.675) (layer F.SilkS)
      (effects (font (size 1 1) (thickness 0.15)))
    )
    (fp_text value R_3K16_0603 (at -5.79 -2.55) (layer F.Fab) hide
